switch:
  s_bottom_jet_bumper:
    x: 0.6358345492401265
    y: 0.430939226519337
  s_drain:
    x: 0.48054822368313194
    y: 0.962707182320442
  s_start_button:
    x: 0.12800629539157662
    y: 0.9475138121546961
